383
15
196
15
253
919
609
128
842
153
374
613
952
9
528
304
260
137
644
711
899
82
737
282
349
778
263
555
489
9
725
763
9
906
13
955
7
330
983
844
716
15
15
15
15
15
15
15
15
15
862
344
573
520
214
625
309
847
378
930
211
424
2
228
522
938
804
360
524
962
880
239
940
450
979
727
839
179
442
307
393
473
230
252
296
929
373
266
38
987
875
684
474
876
688
109
704
893
221
953
238
80
56
733
594
299
453
354
563
456
497
794
457
85
514
515
912
729
552
169
408
626
171
305
486
640
864
597
162
224
772
355
390
159
822
101
738
14
294
291
166
703
346
700
400
370
798
352
848
271
687
677
705
817
278
396
413
666
50
926
937
217
312
452
246
670
828
121
561
325
384
928
823
212
960
61
213
655
492
615
44
518
48
577
730
949
21
596
963
367
254
726
653
532
575
110
701
944
139
674
459
461
650
155
277
375
74
72
841
614
478
404
465
54
388
180
462
293
870
482
220
974
968
536
161
439
996
510
752
544
499
25
223
218
895
566
686
506
186
206
537
340
815
28
415
356
771
984
889
103
657
825
150
805
632
327
95
248
689
466
335
539
846
71
840
428
491
66
11
939
364
948
638
630
490
410
505
982
583
507
826
624
883
845
965
681
743
